221
-1	0	1632	96	160	16
-1	0	1568	128	64	16
-1	0	1792	128	192	16
-1	0	1536	160	32	16
-1	0	1504	192	32	16
-1	0	1824	192	160	16
-1	0	2000	192	16	16
-1	0	1312	208	16	16
-1	0	1344	208	160	16
-1	0	1872	288	16	16
-1	0	1904	288	112	16
-1	0	1312	336	32	16
-1	0	1472	336	32	16
-1	0	1888	384	32	16
-1	0	1952	384	32	16
-1	0	1344	400	128	16
-1	0	1328	448	16	16
-1	0	1824	448	64	16
-1	0	1904	448	16	16
-1	0	1888	544	32	16
-1	0	2000	544	32	16
-1	0	1472	576	32	16
-1	0	1440	608	32	16
-1	0	1904	624	32	16
-1	0	2000	624	32	16
-1	0	1312	640	64	16
-1	0	1408	640	32	16
-1	0	1376	688	112	16
-1	0	1840	688	80	16
-1	0	1920	704	128	16
-1	0	1312	784	32	16
-1	0	1472	784	32	16
-1	0	2304	784	784	16
-1	0	2304	800	784	16
-1	0	1408	816	32	16
-1	0	1312	832	32	16
-1	0	1360	832	16	16
-1	0	1472	832	32	16
-1	0	1824	880	32	16
-1	0	2208	880	912	16
-1	0	2304	896	784	16
-1	0	1312	912	176	16
-1	0	1856	912	352	16
-1	0	3120	912	208	16
-1	0	1376	1024	16	16
-1	0	1424	1024	80	16
-1	0	1040	1072	32	16
-1	0	1120	1088	64	16
-1	0	1216	1104	32	16
-1	0	1376	1104	48	16
-1	0	1088	1120	32	16
-1	0	1456	1120	16	16
-1	0	1248	1136	32	16
-1	0	960	1152	128	16
-1	0	1280	1152	176	16
-1	0	832	1168	128	16
-1	0	816	1280	80	16
-1	0	816	1328	16	16
-1	0	848	1328	112	16
-1	0	816	1408	64	16
-1	0	912	1408	64	16
-1	0	960	1488	32	16
-1	0	928	1520	32	16
-1	0	896	1552	16	16
-1	0	800	1616	32	16
-1	0	832	1648	16	16
-1	0	896	1648	80	16
-1	0	928	1728	64	16
-1	0	896	1760	32	16
-1	0	864	1792	32	16
-1	0	864	1984	16	16
-1	0	912	1984	80	16
-1	0	0	2016	80	16
-1	0	96	2016	64	16
-1	0	176	2016	16	16
-1	0	224	2016	112	16
-1	0	352	2016	64	16
-1	0	432	2016	16	16
-1	0	480	2016	32	16
-1	0	528	2032	32	16
-1	0	608	2048	64	16
-1	0	704	2064	32	16
-1	0	864	2064	48	16
-1	0	576	2080	32	16
-1	0	944	2080	16	16
-1	0	736	2096	32	16
-1	0	0	2112	576	16
-1	0	768	2112	176	16
-2	2	1984	192	16	16
-2	2	1328	208	16	16
-2	2	1984	208	16	16
-2	2	1328	224	16	16
-2	2	1984	224	16	16
-2	2	1328	240	16	16
-2	2	1984	240	16	16
-2	2	1328	256	16	16
-2	2	1984	256	16	16
-2	2	1328	272	16	16
-2	2	1984	272	16	16
-2	2	1328	288	16	16
-2	2	1888	288	16	16
-2	2	1888	304	16	16
-2	2	1344	336	16	16
-2	2	1344	352	16	16
-2	2	1344	368	16	16
-2	2	1344	384	16	16
-2	2	1312	448	16	16
-2	2	1888	448	16	16
-2	2	1312	464	16	16
-2	2	1888	464	16	16
-2	2	1312	480	16	16
-2	2	1888	480	16	16
-2	2	1312	496	16	16
-2	2	1888	496	16	16
-2	2	1312	512	16	16
-2	2	1312	528	16	16
-2	2	1312	544	16	16
-2	2	1312	560	16	16
-2	2	1312	576	16	16
-2	2	1312	592	16	16
-2	2	1488	688	16	16
-2	2	1824	688	16	16
-2	2	1488	704	16	16
-2	2	1824	704	16	16
-2	2	1488	720	16	16
-2	2	1824	720	16	16
-2	2	1488	736	16	16
-2	2	1824	736	16	16
-2	2	1488	752	16	16
-2	2	1824	752	16	16
-2	2	1488	768	16	16
-2	2	1824	768	16	16
-2	2	1344	832	16	16
-2	2	1344	848	16	16
-2	2	1344	864	16	16
-2	2	1344	880	16	16
-2	2	1344	896	16	16
-2	2	1488	912	16	16
-2	2	1488	928	16	16
-2	2	1488	944	16	16
-2	2	1488	960	16	16
-2	2	1488	976	16	16
-2	2	1488	992	16	16
-2	2	1488	1008	16	16
-2	2	1360	1024	16	16
-2	2	1360	1040	16	16
-2	2	1360	1056	16	16
-2	2	1360	1072	16	16
-2	2	1360	1088	16	16
-2	2	1360	1104	16	16
-2	2	816	1168	16	16
-2	2	816	1184	16	16
-2	2	816	1200	16	16
-2	2	816	1216	16	16
-2	2	816	1232	16	16
-2	2	816	1248	16	16
-2	2	816	1264	16	16
-2	2	832	1328	16	16
-2	2	832	1344	16	16
-2	2	832	1360	16	16
-2	2	832	1376	16	16
-2	2	832	1392	16	16
-2	2	976	1408	16	16
-2	2	976	1424	16	16
-2	2	976	1440	16	16
-2	2	976	1456	16	16
-2	2	976	1472	16	16
-2	2	800	1520	16	16
-2	2	800	1536	16	16
-2	2	800	1552	16	16
-2	2	912	1552	16	16
-2	2	800	1568	16	16
-2	2	912	1568	16	16
-2	2	800	1584	16	16
-2	2	912	1584	16	16
-2	2	800	1600	16	16
-2	2	912	1600	16	16
-2	2	912	1616	16	16
-2	2	912	1632	16	16
-2	2	976	1648	16	16
-2	2	976	1664	16	16
-2	2	976	1680	16	16
-2	2	976	1696	16	16
-2	2	976	1712	16	16
-2	2	800	1808	16	16
-2	2	800	1824	16	16
-2	2	800	1840	16	16
-2	2	800	1856	16	16
-2	2	800	1872	16	16
-2	2	976	1888	16	16
-2	2	976	1904	16	16
-2	2	976	1920	16	16
-2	2	976	1936	16	16
-2	2	976	1952	16	16
-2	2	976	1968	16	16
-2	2	848	1984	16	16
-2	2	848	2000	16	16
-2	2	80	2016	16	16
-2	2	160	2016	16	16
-2	2	336	2016	16	16
-2	2	416	2016	16	16
-2	2	848	2016	16	16
-2	2	80	2032	16	16
-2	2	160	2032	16	16
-2	2	336	2032	16	16
-2	2	416	2032	16	16
-2	2	848	2032	16	16
-2	2	80	2048	16	16
-2	2	336	2048	16	16
-2	2	848	2048	16	16
-2	2	80	2064	16	16
-2	2	336	2064	16	16
-2	2	848	2064	16	16
-2	2	80	2080	16	16
-2	2	336	2080	16	16
-2	2	80	2096	16	16
-2	2	336	2096	16	16
-1	0	416	2048	32	64
1	1	471	2074	16	30
2	1	537	2061	16	32
-1	0	576	2048	32	64