0	0	0	2304	2304	4	0
01	0	0	1152	1152	0	0
02	1152	0	1152	1152	0	0
03	0	1152	1152	1152	4	0
031	0	1152	576	576	4	0
0311	0	1152	288	288	0	0
0312	288	1152	288	288	0	0
0313	0	1440	288	288	4	0
03131	0	1440	144	144	0	1	183
03132	144	1440	144	144	0	1	184
03133	0	1584	144	144	0	5	0	2	3	5	181
03134	144	1584	144	144	0	5	1	2	3	5	182
0314	288	1440	288	288	4	0
03141	288	1440	144	144	0	0
03142	432	1440	144	144	0	0
03143	288	1584	144	144	0	5	3	5	177	179	180
03144	432	1584	144	144	0	4	3	5	176	178
032	576	1152	576	576	4	0
0321	576	1152	288	288	0	0
0322	864	1152	288	288	0	0
0323	576	1440	288	288	4	0
03231	576	1440	144	144	0	0
03232	720	1440	144	144	0	2	171	172
03233	576	1584	144	144	0	4	3	5	174	175
03234	720	1584	144	144	0	3	3	5	173
0324	864	1440	288	288	4	0
03241	864	1440	144	144	0	1	171
03242	1008	1440	144	144	0	0
03243	864	1584	144	144	0	7	3	4	5	6	95	169	170
03244	1008	1584	144	144	0	2	4	6
033	0	1728	576	576	4	0
0331	0	1728	288	288	0	0
0332	288	1728	288	288	4	0
03321	288	1728	144	144	0	0
03322	432	1728	144	144	0	8	14	20	24	30	33	38	93	161
03323	288	1872	144	144	0	0
03324	432	1872	144	144	0	2	42	44
0333	0	2016	288	288	0	0
0334	288	2016	288	288	0	0
034	576	1728	576	576	4	0
0341	576	1728	288	288	4	0
03411	576	1728	144	144	0	4	15	92	162	163
03412	720	1728	144	144	0	4	15	164	165	166
03413	576	1872	144	144	0	2	42	44
03414	720	1872	144	144	0	5	42	44	53	120	204
0342	864	1728	288	288	4	0
03421	864	1728	144	144	0	8	7	9	12	15	21	94	167	168
03422	1008	1728	144	144	0	10	7	9	12	15	16	21	25	96	157	159
03423	864	1872	144	144	0	9	42	44	53	54	89	121	126	185	186
03424	1008	1872	144	144	0	8	42	44	54	57	59	90	122	125
0343	576	2016	288	288	4	0
03431	576	2016	144	144	0	0
03432	720	2016	144	144	0	6	65	73	75	87	119	201
03433	576	2160	144	144	0	0
03434	720	2160	144	144	0	7	77	78	79	112	193	194	195
0344	864	2016	288	288	4	0
03441	864	2016	144	144	0	11	65	66	74	76	86	88	118	119	185	201	202
03442	1008	2016	144	144	0	6	64	67	70	74	76	85
03443	864	2160	144	144	0	7	77	78	79	192	193	195	196
03444	1008	2160	144	144	0	10	77	78	79	80	113	114	115	197	198	203
04	1152	1152	1152	1152	4	0
041	1152	1152	576	576	0	0
042	1728	1152	576	576	0	0
043	1152	1728	576	576	4	0
0431	1152	1728	288	288	4	0
04311	1152	1728	144	144	0	9	16	22	26	31	34	39	97	158	160
04312	1296	1728	144	144	0	12	10	16	22	26	31	34	39	98	99	153	155	156
04313	1152	1872	144	144	0	8	42	44	46	48	51	55	123	124
04314	1296	1872	144	144	0	5	42	44	127	129	130
0432	1440	1728	288	288	4	0
04321	1440	1728	144	144	0	7	10	27	35	99	151	153	154
04322	1584	1728	144	144	0	5	27	28	100	149	152
04323	1440	1872	144	144	0	4	42	44	128	131
04324	1584	1872	144	144	0	4	42	44	133	134
0433	1152	2016	288	288	4	0
04331	1152	2016	144	144	0	12	68	71	74	76	82	91	116	117	123	124	199	200
04332	1296	2016	144	144	0	6	74	76	129	130	187	189
04333	1152	2160	144	144	0	7	77	78	79	80	81	83	84
04334	1296	2160	144	144	0	0
0434	1440	2016	288	288	4	0
04341	1440	2016	144	144	0	4	74	76	188	190
04342	1584	2016	144	144	0	5	74	76	133	134	188
04343	1440	2160	144	144	0	0
04344	1584	2160	144	144	0	0
044	1728	1728	576	576	4	0
0441	1728	1728	288	288	4	0
04411	1728	1728	144	144	0	7	8	11	13	17	101	148	150
04412	1872	1728	144	144	0	9	17	18	36	40	102	103	145	146	147
04413	1728	1872	144	144	0	6	42	44	49	60	132	135
04414	1872	1872	144	144	0	5	42	44	49	136	137
0442	2016	1728	288	288	4	0
04421	2016	1728	144	144	0	10	18	23	29	32	37	41	105	142	144	145
04422	2160	1728	144	144	0	6	18	19	106	111	141	143
04423	2016	1872	144	144	0	14	42	43	44	45	47	50	52	56	58	61	104	107	138	140
04424	2160	1872	144	144	0	7	43	45	62	63	108	109	139
0443	1728	2016	288	288	4	0
04431	1728	2016	144	144	0	5	69	72	74	76	191
04432	1872	2016	144	144	0	4	69	72	74	76
04433	1728	2160	144	144	0	0
04434	1872	2160	144	144	0	0
0444	2016	2016	288	288	4	0
04441	2016	2016	144	144	0	3	74	76	138
04442	2160	2016	144	144	0	3	74	76	110
04443	2016	2160	144	144	0	0
04444	2160	2160	144	144	0	0
