0	0	0	3584	3584	4	0
01	0	0	1792	1792	0	0
02	1792	0	1792	1792	0	0
03	0	1792	1792	1792	4	0
031	0	1792	896	896	0	0
032	896	1792	896	896	0	0
033	0	2688	896	896	4	0
0331	0	2688	448	448	0	0
0332	448	2688	448	448	0	0
0333	0	3136	448	448	4	0
03331	0	3136	224	224	4	0
033311	0	3136	112	112	0	0
033312	112	3136	112	112	0	0
033313	0	3248	112	112	0	1	0
033314	112	3248	112	112	0	5	0	52	53	157	195
03332	224	3136	224	224	4	0
033321	224	3136	112	112	0	0
033322	336	3136	112	112	0	0
033323	224	3248	112	112	0	1	0
033324	336	3248	112	112	0	3	0	54	158
03333	0	3360	224	224	0	0
03334	224	3360	224	224	0	0
0334	448	3136	448	448	4	0
03341	448	3136	224	224	4	0
033411	448	3136	112	112	0	0
033412	560	3136	112	112	0	0
033413	448	3248	112	112	0	3	0	55	196
033414	560	3248	112	112	0	3	0	56	204
03342	672	3136	224	224	4	0
033421	672	3136	112	112	0	0
033422	784	3136	112	112	0	0
033423	672	3248	112	112	0	2	0	23
033424	784	3248	112	112	0	4	68	69	159	221
03343	448	3360	224	224	0	0
03344	672	3360	224	224	4	0
033441	672	3360	112	112	0	1	13
033442	784	3360	112	112	0	1	13
033443	672	3472	112	112	0	0
033444	784	3472	112	112	0	0
034	896	2688	896	896	4	0
0341	896	2688	448	448	0	0
0342	1344	2688	448	448	0	0
0343	896	3136	448	448	4	0
03431	896	3136	224	224	4	0
034311	896	3136	112	112	0	0
034312	1008	3136	112	112	0	0
034313	896	3248	112	112	0	6	57	58	70	160	161	164
034314	1008	3248	112	112	0	5	59	71	162	165	166
03432	1120	3136	224	224	4	0
034321	1120	3136	112	112	0	0
034322	1232	3136	112	112	0	0
034323	1120	3248	112	112	0	5	60	71	163	165	167
034324	1232	3248	112	112	0	4	72	73	168	169
03433	896	3360	224	224	4	0
034331	896	3360	112	112	0	1	13
034332	1008	3360	112	112	0	1	13
034333	896	3472	112	112	0	0
034334	1008	3472	112	112	0	0
03434	1120	3360	224	224	4	0
034341	1120	3360	112	112	0	1	13
034342	1232	3360	112	112	0	1	13
034343	1120	3472	112	112	0	0
034344	1232	3472	112	112	0	0
0344	1344	3136	448	448	4	0
03441	1344	3136	224	224	4	0
034411	1344	3136	112	112	0	2	75	171
034412	1456	3136	112	112	0	0
034413	1344	3248	112	112	0	9	28	31	34	36	74	75	108	170	171
034414	1456	3248	112	112	0	10	2	6	24	26	65	76	109	110	111	222
03442	1568	3136	224	224	4	0
034421	1568	3136	112	112	0	4	77	197	205	206
034422	1680	3136	112	112	0	2	79	172
034423	1568	3248	112	112	0	4	2	64	66	112
034424	1680	3248	112	112	0	7	7	38	40	67	78	113	223
03443	1344	3360	224	224	4	0
034431	1344	3360	112	112	0	1	13
034432	1456	3360	112	112	0	1	13
034433	1344	3472	112	112	0	0
034434	1456	3472	112	112	0	0
03444	1568	3360	224	224	4	0
034441	1568	3360	112	112	0	1	13
034442	1680	3360	112	112	0	1	13
034443	1568	3472	112	112	0	0
034444	1680	3472	112	112	0	0
04	1792	1792	1792	1792	4	0
041	1792	1792	896	896	0	0
042	2688	1792	896	896	0	0
043	1792	2688	896	896	4	0
0431	1792	2688	448	448	0	0
0432	2240	2688	448	448	0	0
0433	1792	3136	448	448	4	0
04331	1792	3136	224	224	4	0
043311	1792	3136	112	112	0	0
043312	1904	3136	112	112	0	0
043313	1792	3248	112	112	0	4	80	81	174	175
043314	1904	3248	112	112	0	6	61	62	82	83	173	176
04332	2016	3136	224	224	4	0
043321	2016	3136	112	112	0	0
043322	2128	3136	112	112	0	2	85	178
043323	2016	3248	112	112	0	8	29	32	35	37	63	83	114	176
043324	2128	3248	112	112	0	6	3	25	27	84	115	177
04333	1792	3360	224	224	4	0
043331	1792	3360	112	112	0	1	13
043332	1904	3360	112	112	0	1	13
043333	1792	3472	112	112	0	0
043334	1904	3472	112	112	0	0
04334	2016	3360	224	224	4	0
043341	2016	3360	112	112	0	1	13
043342	2128	3360	112	112	0	1	13
043343	2016	3472	112	112	0	0
043344	2128	3472	112	112	0	0
0434	2240	3136	448	448	4	0
04341	2240	3136	224	224	4	0
043411	2240	3136	112	112	0	3	87	102	207
043412	2352	3136	112	112	0	4	86	89	179	198
043413	2240	3248	112	112	0	7	3	88	97	103	104	156	224
043414	2352	3248	112	112	0	4	3	8	86	198
04342	2464	3136	224	224	4	0
043421	2464	3136	112	112	0	3	89	99	179
043422	2576	3136	112	112	0	2	91	199
043423	2464	3248	112	112	0	13	8	43	46	49	90	100	101	116	117	152	180	213	214
043424	2576	3248	112	112	0	6	5	9	92	181	215	229
04343	2240	3360	224	224	4	0
043431	2240	3360	112	112	0	4	13	137	151	225
043432	2352	3360	112	112	0	8	14	17	138	149	150	151	154	183
043433	2240	3472	112	112	0	3	18	125	212
043434	2352	3472	112	112	0	2	18	212
04344	2464	3360	224	224	4	0
043441	2464	3360	112	112	0	6	14	139	140	184	227	228
043442	2576	3360	112	112	0	8	15	141	142	155	185	211	216	230
043443	2464	3472	112	112	0	5	18	19	105	106	212
043444	2576	3472	112	112	0	3	19	20	212
044	2688	2688	896	896	4	0
0441	2688	2688	448	448	0	0
0442	3136	2688	448	448	0	0
0443	2688	3136	448	448	4	0
04431	2688	3136	224	224	4	0
044311	2688	3136	112	112	0	5	1	93	94	182	208
044312	2800	3136	112	112	0	3	1	96	187
044313	2688	3248	112	112	0	8	4	9	44	47	50	126	127	153
044314	2800	3248	112	112	0	4	4	95	98	200
04432	2912	3136	224	224	4	0
044321	2912	3136	112	112	0	2	96	187
044322	3024	3136	112	112	0	2	129	210
044323	2912	3248	112	112	0	9	4	10	39	41	118	119	128	145	188
044324	3024	3248	112	112	0	7	10	42	120	130	146	147	189
04433	2688	3360	224	224	4	0
044331	2688	3360	112	112	0	7	16	124	143	144	186	203	217
044332	2800	3360	112	112	0	1	16
044333	2688	3472	112	112	0	5	20	21	22	107	212
044334	2800	3472	112	112	0	1	21
04434	2912	3360	224	224	4	0
044341	2912	3360	112	112	0	1	16
044342	3024	3360	112	112	0	1	16
044343	2912	3472	112	112	0	0
044344	3024	3472	112	112	0	0
0444	3136	3136	448	448	4	0
04441	3136	3136	224	224	4	0
044411	3136	3136	112	112	0	0
044412	3248	3136	112	112	0	0
044413	3136	3248	112	112	0	8	45	48	51	121	131	132	190	209
044414	3248	3248	112	112	0	3	133	148	191
04442	3360	3136	224	224	4	0
044421	3360	3136	112	112	0	1	218
044422	3472	3136	112	112	0	0
044423	3360	3248	112	112	0	4	134	135	192	202
044424	3472	3248	112	112	0	11	11	12	30	33	122	123	136	193	194	201	219
04443	3136	3360	224	224	4	0
044431	3136	3360	112	112	0	1	16
044432	3248	3360	112	112	0	1	16
044433	3136	3472	112	112	0	0
044434	3248	3472	112	112	0	0
04444	3360	3360	224	224	4	0
044441	3360	3360	112	112	0	1	16
044442	3472	3360	112	112	0	1	16
044443	3360	3472	112	112	0	0
044444	3472	3472	112	112	0	0
